# Higgs field line profile through center
# x(nm) phi
0.000000e0 2.462200e2
3.125000e0 2.462201e2
6.250000e0 2.462203e2
9.375000e0 2.462213e2
1.250000e1 2.462244e2
1.562500e1 2.462336e2
1.875000e1 2.462579e2
2.187500e1 2.463158e2
2.500000e1 2.464397e2
2.812500e1 2.466770e2
3.125000e1 2.470821e2
3.437500e1 2.476951e2
3.750000e1 2.485092e2
4.062500e1 2.494419e2
4.375000e1 2.503329e2
4.687500e1 2.509817e2
5.000000e1 2.512200e2
5.312500e1 2.509817e2
5.625000e1 2.503329e2
5.937500e1 2.494419e2
6.250000e1 2.485092e2
6.562500e1 2.476951e2
6.875000e1 2.470821e2
7.187500e1 2.466770e2
7.500000e1 2.464397e2
7.812500e1 2.463158e2
8.125000e1 2.462579e2
8.437500e1 2.462336e2
8.750000e1 2.462244e2
9.062500e1 2.462213e2
9.375000e1 2.462203e2
9.687500e1 2.462201e2
